#    T [K]            N         DOS(Ef)           S             s/t               R_H        kappa0         c                 chi         Ef
   10.0000      0.00006458  0.11966575E+01  0.13067311E-03  0.10582857E+18  0.47759136E-05  0.34370861E+11  0.94248775E-03  0.17865071E-10  0.38805032E+00
   20.0000      0.00006458  0.79918203E+00  0.22527729E-03  0.89288207E+17  0.49000111E-05  0.12730402E+12  0.22024967E-02  0.11931103E-10  0.38814301E+00
   30.0000      0.00006458  0.59023608E+00  0.28243422E-03  0.86009698E+17  0.45726678E-05  0.25566664E+12  0.35077969E-02  0.88117188E-11  0.38827919E+00
   40.0000      0.00006458  0.46414458E+00  0.32016726E-03  0.84220063E+17  0.43562997E-05  0.40785566E+12  0.46770419E-02  0.69292808E-11  0.38844571E+00
   50.0000      0.00006458  0.38100341E+00  0.34857710E-03  0.82902785E+17  0.42164577E-05  0.57901127E+12  0.57135314E-02  0.56880545E-11  0.38863488E+00
   60.0000      0.00006458  0.32252577E+00  0.37143501E-03  0.81866008E+17  0.41221736E-05  0.76587647E+12  0.66407110E-02  0.48150334E-11  0.38884204E+00
   70.0000      0.00006458  0.27933468E+00  0.39056825E-03  0.81017890E+17  0.40566195E-05  0.96611808E+12  0.74796241E-02  0.41702273E-11  0.38906412E+00
   80.0000      0.00006458  0.24620532E+00  0.40701890E-03  0.80301932E+17  0.40100869E-05  0.11779758E+13  0.82465251E-02  0.36756345E-11  0.38929896E+00
   90.0000      0.00006458  0.22002406E+00  0.42144367E-03  0.79681458E+17  0.39766044E-05  0.14000779E+13  0.89537313E-02  0.32847707E-11  0.38954493E+00
  100.0000      0.00006458  0.19883043E+00  0.43428511E-03  0.79132056E+17  0.39523218E-05  0.16313295E+13  0.96106797E-02  0.29683679E-11  0.38980079E+00
  110.0000      0.00006458  0.18133277E+00  0.44585601E-03  0.78637103E+17  0.39346674E-05  0.18708378E+13  0.10224729E-01  0.27071429E-11  0.39006555E+00
  120.0000      0.00006458  0.16664733E+00  0.45638549E-03  0.78185002E+17  0.39218738E-05  0.21178607E+13  0.10801717E-01  0.24879019E-11  0.39033838E+00
  130.0000      0.00006458  0.15414989E+00  0.46604618E-03  0.77767456E+17  0.39126973E-05  0.23717716E+13  0.11346355E-01  0.23013258E-11  0.39061863E+00
  140.0000      0.00006458  0.14338746E+00  0.47497116E-03  0.77378378E+17  0.39062444E-05  0.26320348E+13  0.11862500E-01  0.21406519E-11  0.39090571E+00
  150.0000      0.00006458  0.13402358E+00  0.48326488E-03  0.77013207E+17  0.39018601E-05  0.28981898E+13  0.12353362E-01  0.20008571E-11  0.39119914E+00
  160.0000      0.00006458  0.12580331E+00  0.49101004E-03  0.76668498E+17  0.38990501E-05  0.31698464E+13  0.12821681E-01  0.18781356E-11  0.39149850E+00
  170.0000      0.00006458  0.11853021E+00  0.49827142E-03  0.76341730E+17  0.38974190E-05  0.34466922E+13  0.13269887E-01  0.17695545E-11  0.39180342E+00
  180.0000      0.00006458  0.11205087E+00  0.50509673E-03  0.76031331E+17  0.38966070E-05  0.37285222E+13  0.13700288E-01  0.16728235E-11  0.39211357E+00
  190.0000      0.00006458  0.10624447E+00  0.51151390E-03  0.75737003E+17  0.38962079E-05  0.40152985E+13  0.14115306E-01  0.15861388E-11  0.39242864E+00
  200.0000      0.00006458  0.10101582E+00  0.51752411E-03  0.75460431E+17  0.38956486E-05  0.43072544E+13  0.14517789E-01  0.15080796E-11  0.39274836E+00
  210.0000      0.00006458  0.96290980E-01  0.52308933E-03  0.75206551E+17  0.38940085E-05  0.46050551E+13  0.14911397E-01  0.14375418E-11  0.39307243E+00
  220.0000      0.00006458  0.92014784E-01  0.52811325E-03  0.74985524E+17  0.38897578E-05  0.49100294E+13  0.15301104E-01  0.13737019E-11  0.39340054E+00
  230.0000      0.00006458  0.88150004E-01  0.53241518E-03  0.74815607E+17  0.38804005E-05  0.52244821E+13  0.15693775E-01  0.13160040E-11  0.39373230E+00
  240.0000      0.00006458  0.84677793E-01  0.53569742E-03  0.74727045E+17  0.38620303E-05  0.55520950E+13  0.16098838E-01  0.12641669E-11  0.39406720E+00
  250.0000      0.00006458  0.81599124E-01  0.53750969E-03  0.74767022E+17  0.38288516E-05  0.58984110E+13  0.16528991E-01  0.12182050E-11  0.39440454E+00
  260.0000      0.00006458  0.78936820E-01  0.53721878E-03  0.75005507E+17  0.37728099E-05  0.62713814E+13  0.17000889E-01  0.11784591E-11  0.39474331E+00
  270.0000      0.00006458  0.76737576E-01  0.53400001E-03  0.75541491E+17  0.36836124E-05  0.66819253E+13  0.17535695E-01  0.11456262E-11  0.39508214E+00
  280.0000      0.00006458  0.75073039E-01  0.52687564E-03  0.76508568E+17  0.35495768E-05  0.71444041E+13  0.18159302E-01  0.11207761E-11  0.39541915E+00
  290.0000      0.00006458  0.74038708E-01  0.51483072E-03  0.78078185E+17  0.33597785E-05  0.76768679E+13  0.18901999E-01  0.11053345E-11  0.39575190E+00
  300.0000      0.00006458  0.73749288E-01  0.49702308E-03  0.80458401E+17  0.31076096E-05  0.83008891E+13  0.19797327E-01  0.11010137E-11  0.39607741E+00
  310.0000      0.00006458  0.74329648E-01  0.47306097E-03  0.83886215E+17  0.27949193E-05  0.90408351E+13  0.20880005E-01  0.11096779E-11  0.39639235E+00
  320.0000      0.00006458  0.75901894E-01  0.44325413E-03  0.88613019E+17  0.24346942E-05  0.99225642E+13  0.22183107E-01  0.11331502E-11  0.39669324E+00
  330.0000      0.00006458  0.78571065E-01  0.40870171E-03  0.94885496E+17  0.20499831E-05  0.10971766E+14  0.23735077E-01  0.11729987E-11  0.39697697E+00
  340.0000      0.00006458  0.82413372E-01  0.37112822E-03  0.10292687E+18  0.16685336E-05  0.12212371E+14  0.25557412E-01  0.12303610E-11  0.39724110E+00
  350.0000      0.00006458  0.87470460E-01  0.33251404E-03  0.11292391E+18  0.13155082E-05  0.13665483E+14  0.27663695E-01  0.13058590E-11  0.39748422E+00
  360.0000      0.00006458  0.93750744E-01  0.29468604E-03  0.12502271E+18  0.10079592E-05  0.15349052E+14  0.30060099E-01  0.13996183E-11  0.39770597E+00
  370.0000      0.00006458  0.10123609E+00  0.25903399E-03  0.13933247E+18  0.75317970E-06  0.17278212E+14  0.32746955E-01  0.15113680E-11  0.39790692E+00
  380.0000      0.00006458  0.10989067E+00  0.22641592E-03  0.15593396E+18  0.55039558E-06  0.19465983E+14  0.35720688E-01  0.16405735E-11  0.39808833E+00
  390.0000      0.00006458  0.11966930E+00  0.19721291E-03  0.17488900E+18  0.39387249E-06  0.21924042E+14  0.38975579E-01  0.17865601E-11  0.39825187E+00
  400.0000      0.00006458  0.13052372E+00  0.17145429E-03  0.19624862E+18  0.27579803E-06  0.24663373E+14  0.42505067E-01  0.19486072E-11  0.39839941E+00
  410.0000      0.00006458  0.14240655E+00  0.14894921E-03  0.22005881E+18  0.18823132E-06  0.27694720E+14  0.46302570E-01  0.21260077E-11  0.39853278E+00
  420.0000      0.00006458  0.15527344E+00  0.12939247E-03  0.24636419E+18  0.12411864E-06  0.31028862E+14  0.50361923E-01  0.23180994E-11  0.39865374E+00
  430.0000      0.00006458  0.16908391E+00  0.11243689E-03  0.27520985E+18  0.77655673E-07  0.34676753E+14  0.54677553E-01  0.25242778E-11  0.39876387E+00
  440.0000      0.00006458  0.18380133E+00  0.97737106E-04  0.30664216E+18  0.44285275E-07  0.38649575E+14  0.59244506E-01  0.27439964E-11  0.39886459E+00
  450.0000      0.00006458  0.19939268E+00  0.84972795E-04  0.34070887E+18  0.20534330E-07  0.42958735E+14  0.64058397E-01  0.29767618E-11  0.39895711E+00
  460.0000      0.00006458  0.21582798E+00  0.73858751E-04  0.37745883E+18  0.38055246E-08  0.47615837E+14  0.69115328E-01  0.32221269E-11  0.39904250E+00
  470.0000      0.00006458  0.23307986E+00  0.64147338E-04  0.41694161E+18 -0.78204975E-08  0.52632644E+14  0.74411803E-01  0.34796825E-11  0.39912167E+00
  480.0000      0.00006458  0.25112299E+00  0.55626870E-04  0.45920705E+18 -0.15751778E-07  0.58021037E+14  0.79944647E-01  0.37490510E-11  0.39919541E+00
  490.0000      0.00006458  0.26993377E+00  0.48118121E-04  0.50430487E+18 -0.21016847E-07  0.63792973E+14  0.85710940E-01  0.40298799E-11  0.39926437E+00
  500.0000      0.00006458  0.28948994E+00  0.41470183E-04  0.55228426E+18 -0.24365251E-07  0.69960449E+14  0.91707957E-01  0.43218368E-11  0.39932913E+00
  510.0000      0.00006458  0.30977035E+00  0.35556364E-04  0.60319359E+18 -0.26342564E-07  0.76535474E+14  0.97933131E-01  0.46246058E-11  0.39939017E+00
  520.0000      0.00006458  0.33075470E+00  0.30270405E-04  0.65708016E+18 -0.27345643E-07  0.83530037E+14  0.10438401E+00  0.49378843E-11  0.39944791E+00
  530.0000      0.00006458  0.35242347E+00  0.25523159E-04  0.71399002E+18 -0.27663025E-07  0.90956085E+14  0.11105824E+00  0.52613804E-11  0.39950272E+00
  540.0000      0.00006458  0.37475769E+00  0.21239749E-04  0.77396776E+18 -0.27504329E-07  0.98825509E+14  0.11795355E+00  0.55948112E-11  0.39955489E+00
  550.0000      0.00006458  0.39773896E+00  0.17357163E-04  0.83705646E+18 -0.27021644E-07  0.10715012E+15  0.12506771E+00  0.59379018E-11  0.39960471E+00
  560.0000      0.00006458  0.42134928E+00  0.13822259E-04  0.90329757E+18 -0.26325069E-07  0.11594164E+15  0.13239856E+00  0.62903837E-11  0.39965240E+00
  570.0000      0.00006458  0.44557111E+00  0.10590103E-04  0.97273086E+18 -0.25494023E-07  0.12521170E+15  0.13994398E+00  0.66519948E-11  0.39969816E+00
  580.0000      0.00006458  0.47038722E+00  0.76225915E-05  0.10453944E+19 -0.24585487E-07  0.13497180E+15  0.14770189E+00  0.70224781E-11  0.39974217E+00
  590.0000      0.00006458  0.49578078E+00  0.48873245E-05  0.11213245E+19 -0.23640026E-07  0.14523335E+15  0.15567023E+00  0.74015822E-11  0.39978459E+00
  600.0000      0.00006458  0.52173525E+00  0.23566660E-05  0.12005557E+19 -0.22686196E-07  0.15600761E+15  0.16384701E+00  0.77890602E-11  0.39982555E+00
  610.0000      0.00006458  0.54823443E+00  0.69727709E-08  0.12831210E+19 -0.21743767E-07  0.16730574E+15  0.17223025E+00  0.81846702E-11  0.39986518E+00
  620.0000      0.00006458  0.57526243E+00 -0.21820450E-05  0.13690514E+19 -0.20826103E-07  0.17913875E+15  0.18081801E+00  0.85881751E-11  0.39990357E+00
  630.0000      0.00006458  0.60280367E+00 -0.42278530E-05  0.14583765E+19 -0.19941904E-07  0.19151751E+15  0.18960839E+00  0.89993422E-11  0.39994082E+00
  640.0000      0.00006458  0.63084287E+00 -0.61455318E-05  0.15511240E+19 -0.19096495E-07  0.20445278E+15  0.19859954E+00  0.94179434E-11  0.39997703E+00
  650.0000      0.00006458  0.65936506E+00 -0.79481431E-05  0.16473202E+19 -0.18292772E-07  0.21795516E+15  0.20778962E+00  0.98437553E-11  0.40001225E+00
  660.0000      0.00006458  0.68835559E+00 -0.96470342E-05  0.17469896E+19 -0.17531900E-07  0.23203512E+15  0.21717684E+00  0.10276559E-10  0.40004657E+00
  670.0000      0.00006458  0.71780010E+00 -0.11252093E-04  0.18501552E+19 -0.16813832E-07  0.24670299E+15  0.22675948E+00  0.10716140E-10  0.40008004E+00
  680.0000      0.00006458  0.74768454E+00 -0.12771963E-04  0.19568385E+19 -0.16137683E-07  0.26196897E+15  0.23653581E+00  0.11162289E-10  0.40011271E+00
  690.0000      0.00006458  0.77799518E+00 -0.14214221E-04  0.20670597E+19 -0.15502012E-07  0.27784310E+15  0.24650419E+00  0.11614801E-10  0.40014464E+00
  700.0000      0.00006458  0.80871859E+00 -0.15585530E-04  0.21808373E+19 -0.14905020E-07  0.29433530E+15  0.25666300E+00  0.12073476E-10  0.40017587E+00
  710.0000      0.00006458  0.83984166E+00 -0.16891765E-04  0.22981886E+19 -0.14344702E-07  0.31145536E+15  0.26701067E+00  0.12538116E-10  0.40020644E+00
  720.0000      0.00006458  0.87135156E+00 -0.18138124E-04  0.24191294E+19 -0.13818950E-07  0.32921291E+15  0.27754567E+00  0.13008532E-10  0.40023639E+00
  730.0000      0.00006458  0.90323578E+00 -0.19329220E-04  0.25436743E+19 -0.13325628E-07  0.34761747E+15  0.28826654E+00  0.13484536E-10  0.40026575E+00
  740.0000      0.00006458  0.93548214E+00 -0.20469155E-04  0.26718367E+19 -0.12862628E-07  0.36667843E+15  0.29917183E+00  0.13965947E-10  0.40029456E+00
  750.0000      0.00006458  0.96807872E+00 -0.21561593E-04  0.28036286E+19 -0.12427900E-07  0.38640502E+15  0.31026017E+00  0.14452586E-10  0.40032284E+00
  760.0000      0.00006458  0.10010139E+01 -0.22609812E-04  0.29390611E+19 -0.12019483E-07  0.40680638E+15  0.32153022E+00  0.14944280E-10  0.40035063E+00
  770.0000      0.00006458  0.10342765E+01 -0.23616755E-04  0.30781439E+19 -0.11635512E-07  0.42789149E+15  0.33298070E+00  0.15440861E-10  0.40037793E+00
  780.0000      0.00006458  0.10678553E+01 -0.24585071E-04  0.32208857E+19 -0.11274230E-07  0.44966923E+15  0.34461036E+00  0.15942165E-10  0.40040479E+00
  790.0000      0.00006458  0.11017398E+01 -0.25517154E-04  0.33672943E+19 -0.10933993E-07  0.47214835E+15  0.35641801E+00  0.16448031E-10  0.40043122E+00
  800.0000      0.00006458  0.11359194E+01 -0.26415171E-04  0.35173761E+19 -0.10613265E-07  0.49533748E+15  0.36840252E+00  0.16958304E-10  0.40045723E+00
  810.0000      0.00006458  0.11703841E+01 -0.27281091E-04  0.36711371E+19 -0.10310619E-07  0.51924512E+15  0.38056277E+00  0.17472832E-10  0.40048286E+00
  820.0000      0.00006458  0.12051240E+01 -0.28116704E-04  0.38285818E+19 -0.10024732E-07  0.54387968E+15  0.39289772E+00  0.17991468E-10  0.40050811E+00
  830.0000      0.00006458  0.12401294E+01 -0.28923650E-04  0.39897141E+19 -0.97543786E-08  0.56924942E+15  0.40540636E+00  0.18514069E-10  0.40053300E+00
  840.0000      0.00006458  0.12753911E+01 -0.29703428E-04  0.41545370E+19 -0.94984301E-08  0.59536251E+15  0.41808772E+00  0.19040496E-10  0.40055755E+00
  850.0000      0.00006458  0.13109000E+01 -0.30457414E-04  0.43230528E+19 -0.92558434E-08  0.62222702E+15  0.43094090E+00  0.19570613E-10  0.40058177E+00
  860.0000      0.00006458  0.13466473E+01 -0.31186879E-04  0.44952626E+19 -0.90256581E-08  0.64985089E+15  0.44396502E+00  0.20104290E-10  0.40060568E+00
  870.0000      0.00006458  0.13826245E+01 -0.31892993E-04  0.46711672E+19 -0.88069897E-08  0.67824196E+15  0.45715923E+00  0.20641399E-10  0.40062928E+00
  880.0000      0.00006458  0.14188233E+01 -0.32576840E-04  0.48507664E+19 -0.85990240E-08  0.70740797E+15  0.47052276E+00  0.21181816E-10  0.40065260E+00
  890.0000      0.00006458  0.14552356E+01 -0.33239428E-04  0.50340594E+19 -0.84010122E-08  0.73735655E+15  0.48405485E+00  0.21725421E-10  0.40067564E+00
  900.0000      0.00006458  0.14918538E+01 -0.33881692E-04  0.52210447E+19 -0.82122650E-08  0.76809522E+15  0.49775478E+00  0.22272098E-10  0.40069841E+00
  910.0000      0.00006458  0.15286701E+01 -0.34504507E-04  0.54117201E+19 -0.80321486E-08  0.79963144E+15  0.51162189E+00  0.22821734E-10  0.40072093E+00
  920.0000      0.00006458  0.15656772E+01 -0.35108688E-04  0.56060830E+19 -0.78600797E-08  0.83197251E+15  0.52565553E+00  0.23374219E-10  0.40074320E+00
  930.0000      0.00006458  0.16028682E+01 -0.35695001E-04  0.58041300E+19 -0.76955214E-08  0.86512569E+15  0.53985511E+00  0.23929448E-10  0.40076524E+00
  940.0000      0.00006458  0.16402360E+01 -0.36264165E-04  0.60058571E+19 -0.75379794E-08  0.89909811E+15  0.55422005E+00  0.24487317E-10  0.40078704E+00
  950.0000      0.00006458  0.16777740E+01 -0.36816856E-04  0.62112602E+19 -0.73869985E-08  0.93389682E+15  0.56874982E+00  0.25047728E-10  0.40080863E+00
  960.0000      0.00006458  0.17154757E+01 -0.37353710E-04  0.64203341E+19 -0.72421593E-08  0.96952876E+15  0.58344391E+00  0.25610582E-10  0.40083001E+00
  970.0000      0.00006458  0.17533349E+01 -0.37875330E-04  0.66330735E+19 -0.71030749E-08  0.10060008E+16  0.59830186E+00  0.26175788E-10  0.40085118E+00
  980.0000      0.00006458  0.17913455E+01 -0.38382286E-04  0.68494725E+19 -0.69693885E-08  0.10433197E+16  0.61332322E+00  0.26743254E-10  0.40087216E+00
  990.0000      0.00006458  0.18295017E+01 -0.38875119E-04  0.70695249E+19 -0.68407709E-08  0.10814922E+16  0.62850757E+00  0.27312893E-10  0.40089296E+00
 1000.0000      0.00006458  0.18677978E+01 -0.39354340E-04  0.72932239E+19 -0.67169178E-08  0.11205248E+16  0.64385453E+00  0.27884620E-10  0.40091357E+00
 1010.0000      0.00006458  0.19062282E+01 -0.39820439E-04  0.75205625E+19 -0.65975479E-08  0.11604241E+16  0.65936373E+00  0.28458353E-10  0.40093401E+00
 1020.0000      0.00006458  0.19447877E+01 -0.40273880E-04  0.77515331E+19 -0.64824012E-08  0.12011964E+16  0.67503484E+00  0.29034013E-10  0.40095428E+00
 1030.0000      0.00006458  0.19834711E+01 -0.40715106E-04  0.79861279E+19 -0.63712368E-08  0.12428482E+16  0.69086753E+00  0.29611523E-10  0.40097439E+00
 1040.0000      0.00006458  0.20222734E+01 -0.41144541E-04  0.82243387E+19 -0.62638316E-08  0.12853855E+16  0.70686152E+00  0.30190809E-10  0.40099434E+00
 1050.0000      0.00006458  0.20611899E+01 -0.41562590E-04  0.84661570E+19 -0.61599787E-08  0.13288147E+16  0.72301654E+00  0.30771800E-10  0.40101415E+00
 1060.0000      0.00006458  0.21002159E+01 -0.41969641E-04  0.87115740E+19 -0.60594860E-08  0.13731418E+16  0.73933233E+00  0.31354424E-10  0.40103381E+00
 1070.0000      0.00006458  0.21393470E+01 -0.42366065E-04  0.89605806E+19 -0.59621751E-08  0.14183728E+16  0.75580866E+00  0.31938617E-10  0.40105333E+00
 1080.0000      0.00006458  0.21785787E+01 -0.42752218E-04  0.92131675E+19 -0.58678804E-08  0.14645135E+16  0.77244531E+00  0.32524312E-10  0.40107273E+00
 1090.0000      0.00006458  0.22179068E+01 -0.43128444E-04  0.94693250E+19 -0.57764474E-08  0.15115699E+16  0.78924209E+00  0.33111448E-10  0.40109199E+00
 1100.0000      0.00006458  0.22573274E+01 -0.43495071E-04  0.97290432E+19 -0.56877325E-08  0.15595477E+16  0.80619880E+00  0.33699964E-10  0.40111113E+00
 1110.0000      0.00006458  0.22968365E+01 -0.43852417E-04  0.99923119E+19 -0.56016019E-08  0.16084525E+16  0.82331528E+00  0.34289801E-10  0.40113015E+00
 1120.0000      0.00006458  0.23364304E+01 -0.44200785E-04  0.10259121E+20 -0.55179304E-08  0.16582900E+16  0.84059137E+00  0.34880904E-10  0.40114906E+00
 1130.0000      0.00006458  0.23761053E+01 -0.44540469E-04  0.10529460E+20 -0.54366015E-08  0.17090656E+16  0.85802693E+00  0.35473216E-10  0.40116785E+00
 1140.0000      0.00006458  0.24158578E+01 -0.44871753E-04  0.10803318E+20 -0.53575060E-08  0.17607849E+16  0.87562183E+00  0.36066687E-10  0.40118655E+00
 1150.0000      0.00006458  0.24556845E+01 -0.45194910E-04  0.11080683E+20 -0.52805419E-08  0.18134530E+16  0.89337595E+00  0.36661265E-10  0.40120514E+00
 1160.0000      0.00006458  0.24955821E+01 -0.45510203E-04  0.11361546E+20 -0.52056137E-08  0.18670753E+16  0.91128917E+00  0.37256902E-10  0.40122363E+00
 1170.0000      0.00006458  0.25355474E+01 -0.45817887E-04  0.11645895E+20 -0.51326319E-08  0.19216571E+16  0.92936139E+00  0.37853550E-10  0.40124203E+00
 1180.0000      0.00006458  0.25755773E+01 -0.46118208E-04  0.11933718E+20 -0.50615122E-08  0.19772033E+16  0.94759252E+00  0.38451162E-10  0.40126034E+00
 1190.0000      0.00006458  0.26156690E+01 -0.46411402E-04  0.12225003E+20 -0.49921760E-08  0.20337191E+16  0.96598247E+00  0.39049697E-10  0.40127857E+00
 1200.0000      0.00006458  0.26558196E+01 -0.46697701E-04  0.12519740E+20 -0.49245490E-08  0.20912094E+16  0.98453117E+00  0.39649110E-10  0.40129671E+00
 
   10.0000     -0.00006458  0.39893728E+00 -0.40892793E-04  0.99704999E+17 -0.63494516E-05  0.29158706E+11  0.34821584E-03  0.59557917E-11  0.40740176E+00
   20.0000     -0.00006458  0.38493395E+00 -0.10763479E-03  0.10620007E+18 -0.59464782E-05  0.71989603E+11  0.63384619E-03  0.57467339E-11  0.40737812E+00
   30.0000     -0.00006458  0.35174415E+00 -0.14736837E-03  0.10681329E+18 -0.58609621E-05  0.13609820E+12  0.91657462E-03  0.52512388E-11  0.40732904E+00
   40.0000     -0.00006458  0.31642462E+00 -0.17838500E-03  0.10667159E+18 -0.58109020E-05  0.22081352E+12  0.12451265E-02  0.47239484E-11  0.40725963E+00
   50.0000     -0.00006458  0.28389744E+00 -0.20373793E-03  0.10623099E+18 -0.57749816E-05  0.32369152E+12  0.16183666E-02  0.42383455E-11  0.40717224E+00
   60.0000     -0.00006458  0.25550769E+00 -0.22520295E-03  0.10561204E+18 -0.57464356E-05  0.44261227E+12  0.20224119E-02  0.38145109E-11  0.40706896E+00
   70.0000     -0.00006458  0.23121097E+00 -0.24385461E-03  0.10488934E+18 -0.57208796E-05  0.57575964E+12  0.24443296E-02  0.34517816E-11  0.40695156E+00
   80.0000     -0.00006458  0.21050933E+00 -0.26038271E-03  0.10410759E+18 -0.56957854E-05  0.72167537E+12  0.28749558E-02  0.31427239E-11  0.40682146E+00
   90.0000     -0.00006458  0.19282718E+00 -0.27526032E-03  0.10329397E+18 -0.56697178E-05  0.87922872E+12  0.33083935E-02  0.28787446E-11  0.40667984E+00
  100.0000     -0.00006458  0.17764027E+00 -0.28882679E-03  0.10246612E+18 -0.56418375E-05  0.10475508E+13  0.37410030E-02  0.26520170E-11  0.40652766E+00
  110.0000     -0.00006458  0.16450811E+00 -0.30133266E-03  0.10163619E+18 -0.56116499E-05  0.12259705E+13  0.41705855E-02  0.24559651E-11  0.40636574E+00
  120.0000     -0.00006458  0.15307213E+00 -0.31296659E-03  0.10081293E+18 -0.55788813E-05  0.14139636E+13  0.45958307E-02  0.22852357E-11  0.40619475E+00
  130.0000     -0.00006458  0.14304380E+00 -0.32387291E-03  0.10000278E+18 -0.55434111E-05  0.16111146E+13  0.50159701E-02  0.21355213E-11  0.40601526E+00
  140.0000     -0.00006458  0.13419142E+00 -0.33416346E-03  0.99210486E+17 -0.55052299E-05  0.18170894E+13  0.54305703E-02  0.20033630E-11  0.40582779E+00
  150.0000     -0.00006458  0.12632846E+00 -0.34392591E-03  0.98439545E+17 -0.54644082E-05  0.20316187E+13  0.58394186E-02  0.18859756E-11  0.40563277E+00
  160.0000     -0.00006458  0.11930397E+00 -0.35322932E-03  0.97692544E+17 -0.54210717E-05  0.22544911E+13  0.62424803E-02  0.17811060E-11  0.40543057E+00
  170.0000     -0.00006458  0.11299523E+00 -0.36212771E-03  0.96971474E+17 -0.53753739E-05  0.24855608E+13  0.66399201E-02  0.16869220E-11  0.40522156E+00
  180.0000     -0.00006458  0.10730206E+00 -0.37066147E-03  0.96278108E+17 -0.53274625E-05  0.27247750E+13  0.70321971E-02  0.16019278E-11  0.40500603E+00
  190.0000     -0.00006458  0.10214270E+00 -0.37885625E-03  0.95614589E+17 -0.52774265E-05  0.29722322E+13  0.74202470E-02  0.15249030E-11  0.40478428E+00
  200.0000     -0.00006458  0.97451054E-01 -0.38671895E-03  0.94984323E+17 -0.52252134E-05  0.32282839E+13  0.78057675E-02  0.14548607E-11  0.40455659E+00
  210.0000     -0.00006458  0.93175012E-01 -0.39422975E-03  0.94393350E+17 -0.51705034E-05  0.34936917E+13  0.81916151E-02  0.13910231E-11  0.40432325E+00
  220.0000     -0.00006458  0.89275937E-01 -0.40132958E-03  0.93852412E+17 -0.51125225E-05  0.37698565E+13  0.85823176E-02  0.13328132E-11  0.40408457E+00
  230.0000     -0.00006458  0.85729119E-01 -0.40790237E-03  0.93379871E+17 -0.50497863E-05  0.40591300E+13  0.89846865E-02  0.12798623E-11  0.40384094E+00
  240.0000     -0.00006458  0.82525141E-01 -0.41375238E-03  0.93005629E+17 -0.49797764E-05  0.43652155E+13  0.94085047E-02  0.12320296E-11  0.40359289E+00
  250.0000     -0.00006458  0.79671980E-01 -0.41857821E-03  0.92776091E+17 -0.48985782E-05  0.46936533E+13  0.98672352E-02  0.11894344E-11  0.40334112E+00
  260.0000     -0.00006458  0.77197549E-01 -0.42194850E-03  0.92760036E+17 -0.48005622E-05  0.50523723E+13  0.10378668E-01  0.11524933E-11  0.40308665E+00
  270.0000     -0.00006458  0.75152133E-01 -0.42328881E-03  0.93054901E+17 -0.46782778E-05  0.54522539E+13  0.10965367E-01  0.11219569E-11  0.40283087E+00
  280.0000     -0.00006458  0.73609862E-01 -0.42189578E-03  0.93792463E+17 -0.45228337E-05  0.59076141E+13  0.11654728E-01  0.10989322E-11  0.40257569E+00
  290.0000     -0.00006458  0.72668016E-01 -0.41699908E-03  0.95142265E+17 -0.43250991E-05  0.64364578E+13  0.12478401E-01  0.10848712E-11  0.40232356E+00
  300.0000     -0.00006458  0.72442826E-01 -0.40788744E-03  0.97310639E+17 -0.40779310E-05  0.70603214E+13  0.13470847E-01  0.10815093E-11  0.40207747E+00
  310.0000     -0.00006458  0.73060860E-01 -0.39409231E-03  0.10053334E+18 -0.37791366E-05  0.78035520E+13  0.14666982E-01  0.10907360E-11  0.40184084E+00
  320.0000     -0.00006458  0.74646455E-01 -0.37558100E-03  0.10506125E+18 -0.34340981E-05  0.86920017E+13  0.16099142E-01  0.11144076E-11  0.40161717E+00
  330.0000     -0.00006458  0.77307548E-01 -0.35287346E-03  0.11114138E+18 -0.30564687E-05  0.97513551E+13  0.17794063E-01  0.11541354E-11  0.40140965E+00
  340.0000     -0.00006458  0.81123813E-01 -0.32700509E-03  0.11899800E+18 -0.26659205E-05  0.11005519E+14  0.19770724E-01  0.12111090E-11  0.40122079E+00
  350.0000     -0.00006458  0.86140608E-01 -0.29932915E-03  0.12881928E+18 -0.22836002E-05  0.12475527E+14  0.22039696E-01  0.12860055E-11  0.40105206E+00
  360.0000     -0.00006458  0.92369943E-01 -0.27124098E-03  0.14075269E+18 -0.19274070E-05  0.14179205E+14  0.24604039E-01  0.13790041E-11  0.40090389E+00
  370.0000     -0.00006458  0.99796879E-01 -0.24393839E-03  0.15490858E+18 -0.16091108E-05  0.16131506E+14  0.27461193E-01  0.14898819E-11  0.40077574E+00
  380.0000     -0.00006458  0.10838826E+00 -0.21829077E-03  0.17136845E+18 -0.13339219E-05  0.18345226E+14  0.30605132E-01  0.16181439E-11  0.40066636E+00
  390.0000     -0.00006458  0.11810102E+00 -0.19482031E-03  0.19019451E+18 -0.11017953E-05  0.20831797E+14  0.34028204E-01  0.17631470E-11  0.40057408E+00
  400.0000     -0.00006458  0.12888850E+00 -0.17375592E-03  0.21143785E+18 -0.90934403E-06  0.23601951E+14  0.37722421E-01  0.19241949E-11  0.40049706E+00
  410.0000     -0.00006458  0.14070459E+00 -0.15511446E-03  0.23514435E+18 -0.75156129E-06  0.26666186E+14  0.41680215E-01  0.21005989E-11  0.40043345E+00
  420.0000     -0.00006458  0.15350585E+00 -0.13877874E-03  0.26135838E+18 -0.62302876E-06  0.30035053E+14  0.45894786E-01  0.22917108E-11  0.40038149E+00
  430.0000     -0.00006458  0.16725247E+00 -0.12455887E-03  0.29012471E+18 -0.51861775E-06  0.33719293E+14  0.50360194E-01  0.24969361E-11  0.40033958E+00
  440.0000     -0.00006458  0.18190837E+00 -0.11223466E-03  0.32148937E+18 -0.43381583E-06  0.37729893E+14  0.55071313E-01  0.27157361E-11  0.40030632E+00
  450.0000     -0.00006458  0.19744087E+00 -0.10158226E-03  0.35549973E+18 -0.36482231E-06  0.42078086E+14  0.60023721E-01  0.29476230E-11  0.40028047E+00
  460.0000     -0.00006458  0.21382028E+00 -0.92389202E-04  0.39220427E+18 -0.30852079E-06  0.46775316E+14  0.65213581E-01  0.31921535E-11  0.40026098E+00
  470.0000     -0.00006458  0.23101938E+00 -0.84461794E-04  0.43165220E+18 -0.26239749E-06  0.51833201E+14  0.70637517E-01  0.34489214E-11  0.40024694E+00
  480.0000     -0.00006458  0.24901300E+00 -0.77627901E-04  0.47389300E+18 -0.22444409E-06  0.57263492E+14  0.76292516E-01  0.37175508E-11  0.40023756E+00
  490.0000     -0.00006458  0.26777759E+00 -0.71736972E-04  0.51897602E+18 -0.19306402E-06  0.63078024E+14  0.82175839E-01  0.39976900E-11  0.40023219E+00
  500.0000     -0.00006458  0.28729093E+00 -0.66658674E-04  0.56695010E+18 -0.16699034E-06  0.69288687E+14  0.88284962E-01  0.42890073E-11  0.40023027E+00
  510.0000     -0.00006458  0.30753183E+00 -0.62280893E-04  0.61786327E+18 -0.14521733E-06  0.75907388E+14  0.94617515E-01  0.45911866E-11  0.40023132E+00
  520.0000     -0.00006458  0.32847999E+00 -0.58507532E-04  0.67176249E+18 -0.12694516E-06  0.82946023E+14  0.10117125E+00  0.49039247E-11  0.40023492E+00
  530.0000     -0.00006458  0.35011580E+00 -0.55256378E-04  0.72869345E+18 -0.11153589E-06  0.90416456E+14  0.10794401E+00  0.52269289E-11  0.40024072E+00
  540.0000     -0.00006458  0.37242026E+00 -0.52457120E-04  0.78870043E+18 -0.98478871E-07  0.98330497E+14  0.11493372E+00  0.55599153E-11  0.40024843E+00
  550.0000     -0.00006458  0.39537484E+00 -0.50049605E-04  0.85182616E+18 -0.87363703E-07  0.10669989E+15  0.12213832E+00  0.59026075E-11  0.40025778E+00
  560.0000     -0.00006458  0.41896147E+00 -0.47982306E-04  0.91811176E+18 -0.77859118E-07  0.11553628E+15  0.12955585E+00  0.62547358E-11  0.40026856E+00
  570.0000     -0.00006458  0.44316249E+00 -0.46211021E-04  0.98759667E+18 -0.69696524E-07  0.12485125E+15  0.13718433E+00  0.66160362E-11  0.40028057E+00
  580.0000     -0.00006458  0.46796057E+00 -0.44697752E-04  0.10603186E+19 -0.62657160E-07  0.13465623E+15  0.14502186E+00  0.69862502E-11  0.40029365E+00
  590.0000     -0.00006458  0.49333874E+00 -0.43409771E-04  0.11363137E+19 -0.56562034E-07  0.14496258E+15  0.15306654E+00  0.73651246E-11  0.40030764E+00
  600.0000     -0.00006458  0.51928036E+00 -0.42318821E-04  0.12156161E+19 -0.51264035E-07  0.15578153E+15  0.16131652E+00  0.77524107E-11  0.40032244E+00
  610.0000     -0.00006458  0.54576910E+00 -0.41400450E-04  0.12982583E+19 -0.46641722E-07  0.16712417E+15  0.16976994E+00  0.81478650E-11  0.40033792E+00
  620.0000     -0.00006458  0.57278895E+00 -0.40633449E-04  0.13842714E+19 -0.42594408E-07  0.17900148E+15  0.17842502E+00  0.85512482E-11  0.40035400E+00
  630.0000     -0.00006458  0.60032421E+00 -0.39999377E-04  0.14736844E+19 -0.39038264E-07  0.19142430E+15  0.18727997E+00  0.89623260E-11  0.40037059E+00
  640.0000     -0.00006458  0.62835948E+00 -0.39482162E-04  0.15665248E+19 -0.35903209E-07  0.20440333E+15  0.19633304E+00  0.93808685E-11  0.40038761E+00
  650.0000     -0.00006458  0.65687967E+00 -0.39067769E-04  0.16628186E+19 -0.33130428E-07  0.21794917E+15  0.20558254E+00  0.98066506E-11  0.40040501E+00
  660.0000     -0.00006458  0.68587001E+00 -0.38743909E-04  0.17625901E+19 -0.30670371E-07  0.23207224E+15  0.21502677E+00  0.10239452E-10  0.40042273E+00
  670.0000     -0.00006458  0.71531604E+00 -0.38499803E-04  0.18658619E+19 -0.28481139E-07  0.24678286E+15  0.22466409E+00  0.10679056E-10  0.40044072E+00
  680.0000     -0.00006458  0.74520360E+00 -0.38325976E-04  0.19726555E+19 -0.26527177E-07  0.26209118E+15  0.23449291E+00  0.11125251E-10  0.40045893E+00
  690.0000     -0.00006458  0.77551884E+00 -0.38214083E-04  0.20829906E+19 -0.24778213E-07  0.27800724E+15  0.24451164E+00  0.11577832E-10  0.40047734E+00
  700.0000     -0.00006458  0.80624824E+00 -0.38156760E-04  0.21968855E+19 -0.23208387E-07  0.29454094E+15  0.25471878E+00  0.12036595E-10  0.40049589E+00
  710.0000     -0.00006458  0.83737858E+00 -0.38147500E-04  0.23143573E+19 -0.21795537E-07  0.31170204E+15  0.26511282E+00  0.12501345E-10  0.40051457E+00
  720.0000     -0.00006458  0.86889695E+00 -0.38180541E-04  0.24354215E+19 -0.20520614E-07  0.32950017E+15  0.27569232E+00  0.12971887E-10  0.40053335E+00
  730.0000     -0.00006458  0.90079076E+00 -0.38250773E-04  0.25600927E+19 -0.19367194E-07  0.34794483E+15  0.28645589E+00  0.13448034E-10  0.40055221E+00
  740.0000     -0.00006458  0.93304770E+00 -0.38353662E-04  0.26883839E+19 -0.18321081E-07  0.36704538E+15  0.29740216E+00  0.13929603E-10  0.40057112E+00
  750.0000     -0.00006458  0.96565582E+00 -0.38485173E-04  0.28203070E+19 -0.17369966E-07  0.38681107E+15  0.30852983E+00  0.14416414E-10  0.40059007E+00
  760.0000     -0.00006458  0.99860342E+00 -0.38641718E-04  0.29558727E+19 -0.16503153E-07  0.40725101E+15  0.31983762E+00  0.14908293E-10  0.40060905E+00
  770.0000     -0.00006458  0.10318791E+01 -0.38820097E-04  0.30950907E+19 -0.15711319E-07  0.42837418E+15  0.33132431E+00  0.15405071E-10  0.40062803E+00
  780.0000     -0.00006458  0.10654719E+01 -0.39017459E-04  0.32379695E+19 -0.14986324E-07  0.45018946E+15  0.34298872E+00  0.15906582E-10  0.40064701E+00
  790.0000     -0.00006458  0.10993709E+01 -0.39231257E-04  0.33845166E+19 -0.14321037E-07  0.47270558E+15  0.35482972E+00  0.16412665E-10  0.40066597E+00
  800.0000     -0.00006458  0.11335656E+01 -0.39459218E-04  0.35347384E+19 -0.13709204E-07  0.49593117E+15  0.36684621E+00  0.16923163E-10  0.40068491E+00
  810.0000     -0.00006458  0.11680459E+01 -0.39699307E-04  0.36886406E+19 -0.13145322E-07  0.51987474E+15  0.37903716E+00  0.17437925E-10  0.40070382E+00
  820.0000     -0.00006458  0.12028019E+01 -0.39949708E-04  0.38462277E+19 -0.12624541E-07  0.54454468E+15  0.39140155E+00  0.17956801E-10  0.40072269E+00
  830.0000     -0.00006458  0.12378238E+01 -0.40208795E-04  0.40075034E+19 -0.12142578E-07  0.56994926E+15  0.40393843E+00  0.18479649E-10  0.40074152E+00
  840.0000     -0.00006458  0.12731024E+01 -0.40475114E-04  0.41724705E+19 -0.11695643E-07  0.59609666E+15  0.41664689E+00  0.19006328E-10  0.40076029E+00
  850.0000     -0.00006458  0.13086285E+01 -0.40747364E-04  0.43411311E+19 -0.11280374E-07  0.62299492E+15  0.42952605E+00  0.19536702E-10  0.40077901E+00
  860.0000     -0.00006458  0.13443933E+01 -0.41024382E-04  0.45134864E+19 -0.10893787E-07  0.65065201E+15  0.44257509E+00  0.20070639E-10  0.40079768E+00
  870.0000     -0.00006458  0.13803882E+01 -0.41305127E-04  0.46895368E+19 -0.10533222E-07  0.67907576E+15  0.45579320E+00  0.20608012E-10  0.40081628E+00
  880.0000     -0.00006458  0.14166049E+01 -0.41588670E-04  0.48692823E+19 -0.10196310E-07  0.70827392E+15  0.46917963E+00  0.21148697E-10  0.40083482E+00
  890.0000     -0.00006458  0.14530353E+01 -0.41874179E-04  0.50527217E+19 -0.98809348E-08  0.73825412E+15  0.48273369E+00  0.21692571E-10  0.40085330E+00
  900.0000     -0.00006458  0.14896715E+01 -0.42160914E-04  0.52398536E+19 -0.95852021E-08  0.76902389E+15  0.49645467E+00  0.22239520E-10  0.40087171E+00
  910.0000     -0.00006458  0.15265061E+01 -0.42448215E-04  0.54306756E+19 -0.93074146E-08  0.80059067E+15  0.51034196E+00  0.22789428E-10  0.40089004E+00
  920.0000     -0.00006458  0.15635316E+01 -0.42735492E-04  0.56251851E+19 -0.90460488E-08  0.83296180E+15  0.52439494E+00  0.23342187E-10  0.40090831E+00
  930.0000     -0.00006458  0.16007409E+01 -0.43022223E-04  0.58233784E+19 -0.87997346E-08  0.86614452E+15  0.53861305E+00  0.23897690E-10  0.40092651E+00
  940.0000     -0.00006458  0.16381271E+01 -0.43307945E-04  0.60252518E+19 -0.85672383E-08  0.90014598E+15  0.55299574E+00  0.24455834E-10  0.40094464E+00
  950.0000     -0.00006458  0.16756835E+01 -0.43592247E-04  0.62308007E+19 -0.83474474E-08  0.93497324E+15  0.56754251E+00  0.25016518E-10  0.40096270E+00
  960.0000     -0.00006458  0.17134035E+01 -0.43874767E-04  0.64400200E+19 -0.81393569E-08  0.97063324E+15  0.58225290E+00  0.25579647E-10  0.40098069E+00
  970.0000     -0.00006458  0.17512810E+01 -0.44155186E-04  0.66529045E+19 -0.79420577E-08  0.10071329E+16  0.59712644E+00  0.26145125E-10  0.40099861E+00
  980.0000     -0.00006458  0.17893099E+01 -0.44433226E-04  0.68694480E+19 -0.77547262E-08  0.10444789E+16  0.61216274E+00  0.26712863E-10  0.40101646E+00
  990.0000     -0.00006458  0.18274842E+01 -0.44708643E-04  0.70896443E+19 -0.75766155E-08  0.10826780E+16  0.62736139E+00  0.27282772E-10  0.40103424E+00
 1000.0000     -0.00006458  0.18657982E+01 -0.44981225E-04  0.73134866E+19 -0.74070470E-08  0.11217368E+16  0.64272203E+00  0.27854769E-10  0.40105195E+00
 1010.0000     -0.00006458  0.19042465E+01 -0.45250791E-04  0.75409677E+19 -0.72454033E-08  0.11616618E+16  0.65824434E+00  0.28428769E-10  0.40106960E+00
 1020.0000     -0.00006458  0.19428238E+01 -0.45517186E-04  0.77720802E+19 -0.70911222E-08  0.12024594E+16  0.67392798E+00  0.29004694E-10  0.40108718E+00
 1030.0000     -0.00006458  0.19815248E+01 -0.45780277E-04  0.80068160E+19 -0.69436907E-08  0.12441360E+16  0.68977267E+00  0.29582467E-10  0.40110469E+00
 1040.0000     -0.00006458  0.20203446E+01 -0.46039954E-04  0.82451671E+19 -0.68026406E-08  0.12866978E+16  0.70577813E+00  0.30162014E-10  0.40112215E+00
 1050.0000     -0.00006458  0.20592785E+01 -0.46296128E-04  0.84871248E+19 -0.66675435E-08  0.13301510E+16  0.72194413E+00  0.30743263E-10  0.40113954E+00
 1060.0000     -0.00006458  0.20983216E+01 -0.46548725E-04  0.87326802E+19 -0.65380073E-08  0.13745017E+16  0.73827041E+00  0.31326143E-10  0.40115687E+00
 1070.0000     -0.00006458  0.21374696E+01 -0.46797689E-04  0.89818244E+19 -0.64136724E-08  0.14197558E+16  0.75475677E+00  0.31910589E-10  0.40117414E+00
 1080.0000     -0.00006458  0.21767180E+01 -0.47042977E-04  0.92345478E+19 -0.62942088E-08  0.14659194E+16  0.77140302E+00  0.32496535E-10  0.40119135E+00
 1090.0000     -0.00006458  0.22160628E+01 -0.47284560E-04  0.94908408E+19 -0.61793134E-08  0.15129983E+16  0.78820896E+00  0.33083918E-10  0.40120851E+00
 1100.0000     -0.00006458  0.22554997E+01 -0.47522421E-04  0.97506934E+19 -0.60687070E-08  0.15609981E+16  0.80517444E+00  0.33672678E-10  0.40122561E+00
 1110.0000     -0.00006458  0.22950250E+01 -0.47756553E-04  0.10014096E+20 -0.59621325E-08  0.16099247E+16  0.82229930E+00  0.34262757E-10  0.40124266E+00
 1120.0000     -0.00006458  0.23346348E+01 -0.47986958E-04  0.10281037E+20 -0.58593529E-08  0.16597836E+16  0.83958340E+00  0.34854097E-10  0.40125966E+00
 1130.0000     -0.00006458  0.23743255E+01 -0.48213647E-04  0.10551507E+20 -0.57601494E-08  0.17105802E+16  0.85702661E+00  0.35446645E-10  0.40127661E+00
 1140.0000     -0.00006458  0.24140935E+01 -0.48436640E-04  0.10825495E+20 -0.56643194E-08  0.17623201E+16  0.87462882E+00  0.36040348E-10  0.40129351E+00
 1150.0000     -0.00006458  0.24539355E+01 -0.48655960E-04  0.11102990E+20 -0.55716758E-08  0.18150087E+16  0.89238991E+00  0.36635155E-10  0.40131037E+00
 1160.0000     -0.00006458  0.24938482E+01 -0.48871641E-04  0.11383981E+20 -0.54820449E-08  0.18686511E+16  0.91030980E+00  0.37231017E-10  0.40132718E+00
 1170.0000     -0.00006458  0.25338284E+01 -0.49083720E-04  0.11668456E+20 -0.53952659E-08  0.19232526E+16  0.92838840E+00  0.37827886E-10  0.40134395E+00
 1180.0000     -0.00006458  0.25738730E+01 -0.49292237E-04  0.11956404E+20 -0.53111893E-08  0.19788184E+16  0.94662561E+00  0.38425718E-10  0.40136067E+00
 1190.0000     -0.00006458  0.26139791E+01 -0.49497238E-04  0.12247814E+20 -0.52296761E-08  0.20353534E+16  0.96502138E+00  0.39024468E-10  0.40137736E+00
 1200.0000     -0.00006458  0.26541439E+01 -0.49698775E-04  0.12542674E+20 -0.51505971E-08  0.20928627E+16  0.98357563E+00  0.39624094E-10  0.40139401E+00
 
   10.0000      0.00774969  0.64318659E+01  0.10314472E-04  0.86995875E+19  0.36751802E-07  0.22575511E+13  0.60015352E-02  0.96022246E-10  0.38483409E+00
   20.0000      0.00774969  0.66331636E+01  0.17239175E-04  0.88988494E+19  0.34486956E-07  0.43835274E+13  0.11595875E-01  0.99027449E-10  0.38483775E+00
   30.0000      0.00774969  0.66464426E+01  0.23233408E-04  0.89042057E+19  0.33287612E-07  0.65704014E+13  0.17234014E-01  0.99225692E-10  0.38484248E+00
   40.0000      0.00774969  0.66380863E+01  0.29624349E-04  0.88968164E+19  0.32725775E-07  0.87912936E+13  0.22803327E-01  0.99100940E-10  0.38484850E+00
   50.0000      0.00774969  0.66221684E+01  0.36399072E-04  0.88869953E+19  0.32479655E-07  0.11061911E+14  0.28244828E-01  0.98863299E-10  0.38485606E+00
   60.0000      0.00774969  0.66007160E+01  0.43335946E-04  0.88762677E+19  0.32381283E-07  0.13400173E+14  0.33495081E-01  0.98543033E-10  0.38486538E+00
   70.0000      0.00774969  0.65738304E+01  0.50284575E-04  0.88650651E+19  0.32351299E-07  0.15824638E+14  0.38494486E-01  0.98141654E-10  0.38487666E+00
   80.0000      0.00774969  0.65411475E+01  0.57153513E-04  0.88534082E+19  0.32352792E-07  0.18355442E+14  0.43209261E-01  0.97653726E-10  0.38489006E+00
   90.0000      0.00774969  0.65023562E+01  0.63887044E-04  0.88411994E+19  0.32368589E-07  0.21012576E+14  0.47637245E-01  0.97074605E-10  0.38490574E+00
  100.0000      0.00774969  0.64573827E+01  0.70451596E-04  0.88283612E+19  0.32390719E-07  0.23813999E+14  0.51801913E-01  0.96403191E-10  0.38492385E+00
  110.0000      0.00774969  0.64064094E+01  0.76827939E-04  0.88148718E+19  0.32415508E-07  0.26774615E+14  0.55742773E-01  0.95642202E-10  0.38494449E+00
  120.0000      0.00774969  0.63498246E+01  0.83006399E-04  0.88007563E+19  0.32441273E-07  0.29906040E+14  0.59506712E-01  0.94797440E-10  0.38496777E+00
  130.0000      0.00774969  0.62881562E+01  0.88983753E-04  0.87860684E+19  0.32467249E-07  0.33216824E+14  0.63141755E-01  0.93876784E-10  0.38499376E+00
  140.0000      0.00774969  0.62220107E+01  0.94761137E-04  0.87708751E+19  0.32493085E-07  0.36712867E+14  0.66693159E-01  0.92889288E-10  0.38502249E+00
  150.0000      0.00774969  0.61520242E+01  0.10034259E-03  0.87552469E+19  0.32518615E-07  0.40397878E+14  0.70201316E-01  0.91844449E-10  0.38505401E+00
  160.0000      0.00774969  0.60788284E+01  0.10573404E-03  0.87392525E+19  0.32543753E-07  0.44273809E+14  0.73700880E-01  0.90751699E-10  0.38508833E+00
  170.0000      0.00774969  0.60030270E+01  0.11094256E-03  0.87229557E+19  0.32568449E-07  0.48341227E+14  0.77220648E-01  0.89620049E-10  0.38512543E+00
  180.0000      0.00774969  0.59251817E+01  0.11597588E-03  0.87064145E+19  0.32592673E-07  0.52599625E+14  0.80783882E-01  0.88457886E-10  0.38516531E+00
  190.0000      0.00774969  0.58458046E+01  0.12084201E-03  0.86896803E+19  0.32616400E-07  0.57047675E+14  0.84408859E-01  0.87272854E-10  0.38520796E+00
  200.0000      0.00774969  0.57653551E+01  0.12554898E-03  0.86727988E+19  0.32639613E-07  0.61683432E+14  0.88109499E-01  0.86071812E-10  0.38525333E+00
  210.0000      0.00774969  0.56842401E+01  0.13010469E-03  0.86558099E+19  0.32662298E-07  0.66504493E+14  0.91896010E-01  0.84860834E-10  0.38530140E+00
  220.0000      0.00774969  0.56028160E+01  0.13451681E-03  0.86387481E+19  0.32684445E-07  0.71508130E+14  0.95775490E-01  0.83645241E-10  0.38535212E+00
  230.0000      0.00774969  0.55213919E+01  0.13879268E-03  0.86216435E+19  0.32706045E-07  0.76691391E+14  0.99752488E-01  0.82429650E-10  0.38540547E+00
  240.0000      0.00774969  0.54402338E+01  0.14293931E-03  0.86045222E+19  0.32727092E-07  0.82051183E+14  0.10382948E+00  0.81218029E-10  0.38546140E+00
  250.0000      0.00774969  0.53595683E+01  0.14696331E-03  0.85874063E+19  0.32747582E-07  0.87584340E+14  0.10800731E+00  0.80013762E-10  0.38551986E+00
  260.0000      0.00774969  0.52795871E+01  0.15087093E-03  0.85703153E+19  0.32767510E-07  0.93287674E+14  0.11228552E+00  0.78819711E-10  0.38558081E+00
  270.0000      0.00774969  0.52004506E+01  0.15466804E-03  0.85532656E+19  0.32786869E-07  0.99158026E+14  0.11666269E+00  0.77638271E-10  0.38564421E+00
  280.0000      0.00774969  0.51222919E+01  0.15836014E-03  0.85362717E+19  0.32805655E-07  0.10519230E+15  0.12113668E+00  0.76471429E-10  0.38571001E+00
  290.0000      0.00774969  0.50452202E+01  0.16195236E-03  0.85193461E+19  0.32823858E-07  0.11138750E+15  0.12570487E+00  0.75320815E-10  0.38577817E+00
  300.0000      0.00774969  0.49693240E+01  0.16544951E-03  0.85025000E+19  0.32841467E-07  0.11774076E+15  0.13036428E+00  0.74187748E-10  0.38584865E+00
  310.0000      0.00774969  0.48946734E+01  0.16885604E-03  0.84857433E+19  0.32858465E-07  0.12424936E+15  0.13511180E+00  0.73073280E-10  0.38592139E+00
  320.0000      0.00774969  0.48213235E+01  0.17217607E-03  0.84690854E+19  0.32874831E-07  0.13091079E+15  0.13994425E+00  0.71978229E-10  0.38599637E+00
  330.0000      0.00774969  0.47493159E+01  0.17541342E-03  0.84525350E+19  0.32890537E-07  0.13772272E+15  0.14485850E+00  0.70903217E-10  0.38607354E+00
  340.0000      0.00774969  0.46786810E+01  0.17857159E-03  0.84361007E+19  0.32905548E-07  0.14468306E+15  0.14985158E+00  0.69848698E-10  0.38615286E+00
  350.0000      0.00774969  0.46094396E+01  0.18165380E-03  0.84197913E+19  0.32919819E-07  0.15178998E+15  0.15492069E+00  0.68814983E-10  0.38623428E+00
  360.0000      0.00774969  0.45416045E+01  0.18466296E-03  0.84036160E+19  0.32933296E-07  0.15904193E+15  0.16006330E+00  0.67802263E-10  0.38631778E+00
  370.0000      0.00774969  0.44751819E+01  0.18760170E-03  0.83875845E+19  0.32945911E-07  0.16643766E+15  0.16527717E+00  0.66810631E-10  0.38640330E+00
  380.0000      0.00774969  0.44101725E+01  0.19047235E-03  0.83717077E+19  0.32957584E-07  0.17397625E+15  0.17056039E+00  0.65840096E-10  0.38649082E+00
  390.0000      0.00774969  0.43465724E+01  0.19327699E-03  0.83559975E+19  0.32968220E-07  0.18165711E+15  0.17591137E+00  0.64890602E-10  0.38658030E+00
  400.0000      0.00774969  0.42843743E+01  0.19601739E-03  0.83404674E+19  0.32977707E-07  0.18948005E+15  0.18132891E+00  0.63962037E-10  0.38667170E+00
  410.0000      0.00774969  0.42235679E+01  0.19869506E-03  0.83251324E+19  0.32985915E-07  0.19744525E+15  0.18681216E+00  0.63054249E-10  0.38676498E+00
  420.0000      0.00774969  0.41641407E+01  0.20131123E-03  0.83100096E+19  0.32992692E-07  0.20555333E+15  0.19236066E+00  0.62167052E-10  0.38686011E+00
  430.0000      0.00774969  0.41060789E+01  0.20386684E-03  0.82951182E+19  0.32997867E-07  0.21380534E+15  0.19797431E+00  0.61300239E-10  0.38695705E+00
  440.0000      0.00774969  0.40493672E+01  0.20636256E-03  0.82804798E+19  0.33001244E-07  0.22220278E+15  0.20365339E+00  0.60453583E-10  0.38705577E+00
  450.0000      0.00774969  0.39939901E+01  0.20879877E-03  0.82661188E+19  0.33002601E-07  0.23074764E+15  0.20939855E+00  0.59626849E-10  0.38715623E+00
  460.0000      0.00774969  0.39399314E+01  0.21117557E-03  0.82520621E+19  0.33001692E-07  0.23944241E+15  0.21521077E+00  0.58819799E-10  0.38725840E+00
  470.0000      0.00774969  0.38871751E+01  0.21349277E-03  0.82383399E+19  0.32998239E-07  0.24829012E+15  0.22109140E+00  0.58032194E-10  0.38736223E+00
  480.0000      0.00774969  0.38357055E+01  0.21574990E-03  0.82249856E+19  0.32991936E-07  0.25729432E+15  0.22704209E+00  0.57263797E-10  0.38746771E+00
  490.0000      0.00774969  0.37855074E+01  0.21794621E-03  0.82120359E+19  0.32982445E-07  0.26645911E+15  0.23306484E+00  0.56514382E-10  0.38757478E+00
  500.0000      0.00774969  0.37365662E+01  0.22008064E-03  0.81995314E+19  0.32969397E-07  0.27578919E+15  0.23916192E+00  0.55783731E-10  0.38768341E+00
  510.0000      0.00774969  0.36888681E+01  0.22215185E-03  0.81875162E+19  0.32952388E-07  0.28528983E+15  0.24533590E+00  0.55071639E-10  0.38779356E+00
  520.0000      0.00774969  0.36424004E+01  0.22415822E-03  0.81760384E+19  0.32930979E-07  0.29496690E+15  0.25158958E+00  0.54377917E-10  0.38790520E+00
  530.0000      0.00774969  0.35971514E+01  0.22609785E-03  0.81651503E+19  0.32904697E-07  0.30482690E+15  0.25792605E+00  0.53702388E-10  0.38801828E+00
  540.0000      0.00774969  0.35531105E+01  0.22796852E-03  0.81549082E+19  0.32873034E-07  0.31487693E+15  0.26434859E+00  0.53044895E-10  0.38813277E+00
  550.0000      0.00774969  0.35102683E+01  0.22976778E-03  0.81453728E+19  0.32835445E-07  0.32512475E+15  0.27086071E+00  0.52405298E-10  0.38824863E+00
  560.0000      0.00774969  0.34686166E+01  0.23149289E-03  0.81366093E+19  0.32791352E-07  0.33557872E+15  0.27746607E+00  0.51783473E-10  0.38836580E+00
  570.0000      0.00774969  0.34281483E+01  0.23314083E-03  0.81286870E+19  0.32740142E-07  0.34624789E+15  0.28416853E+00  0.51179317E-10  0.38848425E+00
  580.0000      0.00774969  0.33888578E+01  0.23470834E-03  0.81216801E+19  0.32681170E-07  0.35714189E+15  0.29097209E+00  0.50592744E-10  0.38860393E+00
  590.0000      0.00774969  0.33507405E+01  0.23619194E-03  0.81156671E+19  0.32613759E-07  0.36827106E+15  0.29788086E+00  0.50023685E-10  0.38872480E+00
  600.0000      0.00774969  0.33137930E+01  0.23758791E-03  0.81107310E+19  0.32537205E-07  0.37964632E+15  0.30489907E+00  0.49472090E-10  0.38884680E+00
  610.0000      0.00774969  0.32780130E+01  0.23889231E-03  0.81069594E+19  0.32450778E-07  0.39127927E+15  0.31203102E+00  0.48937925E-10  0.38896988E+00
  620.0000      0.00774969  0.32433994E+01  0.24010103E-03  0.81044443E+19  0.32353727E-07  0.40318210E+15  0.31928110E+00  0.48421174E-10  0.38909399E+00
  630.0000      0.00774969  0.32099521E+01  0.24120982E-03  0.81032821E+19  0.32245284E-07  0.41536764E+15  0.32665372E+00  0.47921834E-10  0.38921909E+00
  640.0000      0.00774969  0.31776718E+01  0.24221427E-03  0.81035733E+19  0.32124668E-07  0.42784930E+15  0.33415334E+00  0.47439917E-10  0.38934510E+00
  650.0000      0.00774969  0.31465603E+01  0.24310988E-03  0.81054226E+19  0.31991093E-07  0.44064110E+15  0.34178442E+00  0.46975448E-10  0.38947198E+00
  660.0000      0.00774969  0.31166199E+01  0.24389207E-03  0.81089388E+19  0.31843773E-07  0.45375758E+15  0.34955141E+00  0.46528465E-10  0.38959966E+00
  670.0000      0.00774969  0.30878539E+01  0.24455626E-03  0.81142341E+19  0.31681931E-07  0.46721388E+15  0.35745872E+00  0.46099013E-10  0.38972808E+00
  680.0000      0.00774969  0.30602660E+01  0.24509786E-03  0.81214245E+19  0.31504804E-07  0.48102561E+15  0.36551075E+00  0.45687149E-10  0.38985719E+00
  690.0000      0.00774969  0.30338603E+01  0.24551233E-03  0.81306291E+19  0.31311654E-07  0.49520888E+15  0.37371181E+00  0.45292935E-10  0.38998690E+00
  700.0000      0.00774969  0.30086415E+01  0.24579524E-03  0.81419699E+19  0.31101777E-07  0.50978027E+15  0.38206615E+00  0.44916439E-10  0.39011716E+00
  710.0000      0.00774969  0.29846143E+01  0.24594230E-03  0.81555716E+19  0.30874511E-07  0.52475676E+15  0.39057791E+00  0.44557734E-10  0.39024790E+00
  720.0000      0.00774969  0.29617837E+01  0.24594944E-03  0.81715610E+19  0.30629248E-07  0.54015574E+15  0.39925115E+00  0.44216892E-10  0.39037905E+00
  730.0000      0.00774969  0.29401546E+01  0.24581281E-03  0.81900669E+19  0.30365443E-07  0.55599493E+15  0.40808979E+00  0.43893988E-10  0.39051053E+00
  740.0000      0.00774969  0.29197318E+01  0.24552887E-03  0.82112197E+19  0.30082623E-07  0.57229236E+15  0.41709761E+00  0.43589093E-10  0.39064228E+00
  750.0000      0.00774969  0.29005199E+01  0.24509444E-03  0.82351504E+19  0.29780396E-07  0.58906633E+15  0.42627828E+00  0.43302277E-10  0.39077421E+00
  760.0000      0.00774969  0.28825232E+01  0.24450672E-03  0.82619910E+19  0.29458466E-07  0.60633535E+15  0.43563527E+00  0.43033601E-10  0.39090626E+00
  770.0000      0.00774969  0.28657453E+01  0.24376339E-03  0.82918733E+19  0.29116634E-07  0.62411809E+15  0.44517192E+00  0.42783122E-10  0.39103835E+00
  780.0000      0.00774969  0.28501895E+01  0.24286259E-03  0.83249289E+19  0.28754811E-07  0.64243335E+15  0.45489137E+00  0.42550887E-10  0.39117040E+00
  790.0000      0.00774969  0.28358582E+01  0.24180302E-03  0.83612885E+19  0.28373024E-07  0.66130003E+15  0.46479660E+00  0.42336932E-10  0.39130233E+00
  800.0000      0.00774969  0.28227530E+01  0.24058394E-03  0.84010814E+19  0.27971420E-07  0.68073701E+15  0.47489039E+00  0.42141283E-10  0.39143407E+00
  810.0000      0.00774969  0.28108747E+01  0.23920523E-03  0.84444350E+19  0.27550271E-07  0.70076317E+15  0.48517531E+00  0.41963950E-10  0.39156555E+00
  820.0000      0.00774969  0.28002230E+01  0.23766737E-03  0.84914745E+19  0.27109978E-07  0.72139732E+15  0.49565377E+00  0.41804930E-10  0.39169668E+00
  830.0000      0.00774969  0.27907967E+01  0.23597152E-03  0.85423222E+19  0.26651069E-07  0.74265813E+15  0.50632794E+00  0.41664203E-10  0.39182739E+00
  840.0000      0.00774969  0.27825933E+01  0.23411948E-03  0.85970972E+19  0.26174199E-07  0.76456414E+15  0.51719981E+00  0.41541733E-10  0.39195762E+00
  850.0000      0.00774969  0.27756092E+01  0.23211371E-03  0.86559148E+19  0.25680148E-07  0.78713363E+15  0.52827117E+00  0.41437467E-10  0.39208727E+00
  860.0000      0.00774969  0.27698395E+01  0.22995734E-03  0.87188862E+19  0.25169815E-07  0.81038465E+15  0.53954359E+00  0.41351331E-10  0.39221630E+00
  870.0000      0.00774969  0.27652782E+01  0.22765414E-03  0.87861183E+19  0.24644211E-07  0.83433497E+15  0.55101845E+00  0.41283234E-10  0.39234461E+00
  880.0000      0.00774969  0.27619178E+01  0.22520848E-03  0.88577128E+19  0.24104453E-07  0.85900199E+15  0.56269694E+00  0.41233066E-10  0.39247216E+00
  890.0000      0.00774969  0.27597496E+01  0.22262537E-03  0.89337666E+19  0.23551748E-07  0.88440278E+15  0.57458005E+00  0.41200697E-10  0.39259887E+00
  900.0000      0.00774969  0.27587637E+01  0.21991033E-03  0.90143710E+19  0.22987391E-07  0.91055398E+15  0.58666858E+00  0.41185978E-10  0.39272468E+00
  910.0000      0.00774969  0.27589487E+01  0.21706942E-03  0.90996117E+19  0.22412741E-07  0.93747183E+15  0.59896316E+00  0.41188739E-10  0.39284954E+00
  920.0000      0.00774969  0.27602921E+01  0.21410917E-03  0.91895685E+19  0.21829218E-07  0.96517209E+15  0.61146423E+00  0.41208795E-10  0.39297338E+00
  930.0000      0.00774969  0.27627801E+01  0.21103650E-03  0.92843152E+19  0.21238283E-07  0.99367008E+15  0.62417207E+00  0.41245939E-10  0.39309615E+00
  940.0000      0.00774969  0.27663978E+01  0.20785872E-03  0.93839197E+19  0.20641422E-07  0.10229806E+16  0.63708682E+00  0.41299949E-10  0.39321780E+00
  950.0000      0.00774969  0.27711292E+01  0.20458339E-03  0.94884436E+19  0.20040139E-07  0.10531180E+16  0.65020844E+00  0.41370585E-10  0.39333829E+00
  960.0000      0.00774969  0.27769572E+01  0.20121835E-03  0.95979424E+19  0.19435932E-07  0.10840961E+16  0.66353678E+00  0.41457591E-10  0.39345758E+00
  970.0000      0.00774969  0.27838636E+01  0.19777158E-03  0.97124654E+19  0.18830286E-07  0.11159281E+16  0.67707153E+00  0.41560698E-10  0.39357561E+00
  980.0000      0.00774969  0.27918295E+01  0.19425119E-03  0.98320560E+19  0.18224660E-07  0.11486268E+16  0.69081228E+00  0.41679622E-10  0.39369237E+00
  990.0000      0.00774969  0.28008349E+01  0.19066530E-03  0.99567514E+19  0.17620470E-07  0.11822045E+16  0.70475850E+00  0.41814066E-10  0.39380780E+00
 1000.0000      0.00774969  0.28108594E+01  0.18702207E-03  0.10086583E+20  0.17019081E-07  0.12166729E+16  0.71890957E+00  0.41963722E-10  0.39392189E+00
 1010.0000      0.00774969  0.28218816E+01  0.18332954E-03  0.10221578E+20  0.16421798E-07  0.12520432E+16  0.73326476E+00  0.42128274E-10  0.39403461E+00
 1020.0000      0.00774969  0.28338796E+01  0.17959569E-03  0.10361754E+20  0.15829858E-07  0.12883262E+16  0.74782328E+00  0.42307395E-10  0.39414593E+00
 1030.0000      0.00774969  0.28468312E+01  0.17582827E-03  0.10507129E+20  0.15244419E-07  0.13255321E+16  0.76258425E+00  0.42500751E-10  0.39425584E+00
 1040.0000      0.00774969  0.28607136E+01  0.17203488E-03  0.10657712E+20  0.14666560E-07  0.13636707E+16  0.77754673E+00  0.42708003E-10  0.39436433E+00
 1050.0000      0.00774969  0.28755037E+01  0.16822282E-03  0.10813507E+20  0.14097271E-07  0.14027512E+16  0.79270972E+00  0.42928806E-10  0.39447137E+00
 1060.0000      0.00774969  0.28911781E+01  0.16439915E-03  0.10974517E+20  0.13537457E-07  0.14427826E+16  0.80807220E+00  0.43162812E-10  0.39457696E+00
 1070.0000      0.00774969  0.29077135E+01  0.16057059E-03  0.11140737E+20  0.12987929E-07  0.14837732E+16  0.82363307E+00  0.43409670E-10  0.39468109E+00
 1080.0000      0.00774969  0.29250861E+01  0.15674355E-03  0.11312160E+20  0.12449410E-07  0.15257310E+16  0.83939123E+00  0.43669029E-10  0.39478376E+00
 1090.0000      0.00774969  0.29432725E+01  0.15292409E-03  0.11488774E+20  0.11922534E-07  0.15686637E+16  0.85534555E+00  0.43940536E-10  0.39488497E+00
 1100.0000      0.00774969  0.29622490E+01  0.14911790E-03  0.11670565E+20  0.11407844E-07  0.16125785E+16  0.87149487E+00  0.44223839E-10  0.39498472E+00
 1110.0000      0.00774969  0.29819922E+01  0.14533029E-03  0.11857514E+20  0.10905800E-07  0.16574823E+16  0.88783802E+00  0.44518588E-10  0.39508301E+00
 1120.0000      0.00774969  0.30024789E+01  0.14156622E-03  0.12049602E+20  0.10416779E-07  0.17033817E+16  0.90437384E+00  0.44824437E-10  0.39517984E+00
 1130.0000      0.00774969  0.30236860E+01  0.13783025E-03  0.12246803E+20  0.99410791E-08  0.17502828E+16  0.92110113E+00  0.45141041E-10  0.39527524E+00
 1140.0000      0.00774969  0.30455907E+01  0.13412659E-03  0.12449093E+20  0.94789265E-08  0.17981916E+16  0.93801874E+00  0.45468060E-10  0.39536920E+00
 1150.0000      0.00774969  0.30681706E+01  0.13045906E-03  0.12656442E+20  0.90304762E-08  0.18471137E+16  0.95512549E+00  0.45805158E-10  0.39546174E+00
 1160.0000      0.00774969  0.30914036E+01  0.12683115E-03  0.12868821E+20  0.85958195E-08  0.18970544E+16  0.97242022E+00  0.46152007E-10  0.39555287E+00
 1170.0000      0.00774969  0.31152679E+01  0.12324596E-03  0.13086198E+20  0.81749882E-08  0.19480190E+16  0.98990179E+00  0.46508280E-10  0.39564260E+00
 1180.0000      0.00774969  0.31397423E+01  0.11970630E-03  0.13308539E+20  0.77679597E-08  0.20000123E+16  0.10075691E+01  0.46873661E-10  0.39573095E+00
 1190.0000      0.00774969  0.31648058E+01  0.11621462E-03  0.13535809E+20  0.73746624E-08  0.20530389E+16  0.10254209E+01  0.47247838E-10  0.39581794E+00
 1200.0000      0.00774969  0.31904381E+01  0.11277309E-03  0.13767972E+20  0.69949800E-08  0.21071033E+16  0.10434563E+01  0.47630506E-10  0.39590359E+00
 
   10.0000     -0.00774969  0.35194442E+01  0.13821191E-04  0.95777393E+19 -0.27060803E-07  0.22725731E+13  0.29042804E-02  0.52542287E-10  0.41544410E+00
   20.0000     -0.00774969  0.34636031E+01 -0.31706753E-06  0.95029918E+19 -0.26296081E-07  0.48148095E+13  0.61585838E-02  0.51708626E-10  0.41544923E+00
   30.0000     -0.00774969  0.34955892E+01 -0.91620047E-05  0.96260334E+19 -0.26010852E-07  0.73526116E+13  0.93494008E-02  0.52186152E-10  0.41544871E+00
   40.0000     -0.00774969  0.35196905E+01 -0.14965613E-04  0.97189402E+19 -0.25834266E-07  0.97820656E+13  0.12384213E-01  0.52545963E-10  0.41544461E+00
   50.0000     -0.00774969  0.35293862E+01 -0.19607158E-04  0.97654462E+19 -0.25732330E-07  0.12204823E+14  0.15364091E-01  0.52690712E-10  0.41543800E+00
   60.0000     -0.00774969  0.35302438E+01 -0.23816343E-04  0.97848697E+19 -0.25674685E-07  0.14677768E+14  0.18339643E-01  0.52703515E-10  0.41542942E+00
   70.0000     -0.00774969  0.35266350E+01 -0.27853500E-04  0.97917617E+19 -0.25640786E-07  0.17219721E+14  0.21320525E-01  0.52649638E-10  0.41541910E+00
   80.0000     -0.00774969  0.35208220E+01 -0.31813415E-04  0.97936277E+19 -0.25618897E-07  0.19837531E+14  0.24306422E-01  0.52562855E-10  0.41540713E+00
   90.0000     -0.00774969  0.35138426E+01 -0.35733212E-04  0.97938792E+19 -0.25602611E-07  0.22536667E+14  0.27298135E-01  0.52458658E-10  0.41539352E+00
  100.0000     -0.00774969  0.35061608E+01 -0.39629429E-04  0.97939602E+19 -0.25588493E-07  0.25323875E+14  0.30298791E-01  0.52343976E-10  0.41537829E+00
  110.0000     -0.00774969  0.34979913E+01 -0.43510660E-04  0.97944367E+19 -0.25574753E-07  0.28207268E+14  0.33312459E-01  0.52222013E-10  0.41536142E+00
  120.0000     -0.00774969  0.34894412E+01 -0.47381903E-04  0.97954981E+19 -0.25560521E-07  0.31195849E+14  0.36342844E-01  0.52094367E-10  0.41534289E+00
  130.0000     -0.00774969  0.34805672E+01 -0.51246119E-04  0.97971786E+19 -0.25545436E-07  0.34299062E+14  0.39392619E-01  0.51961886E-10  0.41532268E+00
  140.0000     -0.00774969  0.34713996E+01 -0.55104882E-04  0.97994519E+19 -0.25529424E-07  0.37526458E+14  0.42463272E-01  0.51825021E-10  0.41530076E+00
  150.0000     -0.00774969  0.34619518E+01 -0.58958721E-04  0.98022720E+19 -0.25512563E-07  0.40887474E+14  0.45555280E-01  0.51683973E-10  0.41527712E+00
  160.0000     -0.00774969  0.34522256E+01 -0.62807341E-04  0.98055897E+19 -0.25495010E-07  0.44391279E+14  0.48668389E-01  0.51538770E-10  0.41525174E+00
  170.0000     -0.00774969  0.34422146E+01 -0.66649813E-04  0.98093586E+19 -0.25476958E-07  0.48046673E+14  0.51801930E-01  0.51389315E-10  0.41522459E+00
  180.0000     -0.00774969  0.34319068E+01 -0.70484719E-04  0.98135373E+19 -0.25458606E-07  0.51862016E+14  0.54955076E-01  0.51235427E-10  0.41519567E+00
  190.0000     -0.00774969  0.34212867E+01 -0.74310289E-04  0.98180893E+19 -0.25440152E-07  0.55845180E+14  0.58127047E-01  0.51076878E-10  0.41516497E+00
  200.0000     -0.00774969  0.34103374E+01 -0.78124507E-04  0.98229828E+19 -0.25421777E-07  0.60003515E+14  0.61317243E-01  0.50913415E-10  0.41513246E+00
  210.0000     -0.00774969  0.33990421E+01 -0.81925210E-04  0.98281898E+19 -0.25403646E-07  0.64343836E+14  0.64525331E-01  0.50744786E-10  0.41509816E+00
  220.0000     -0.00774969  0.33873850E+01 -0.85710159E-04  0.98336854E+19 -0.25385904E-07  0.68872414E+14  0.67751274E-01  0.50570755E-10  0.41506205E+00
  230.0000     -0.00774969  0.33753523E+01 -0.89477101E-04  0.98394475E+19 -0.25368676E-07  0.73594978E+14  0.70995342E-01  0.50391118E-10  0.41502412E+00
  240.0000     -0.00774969  0.33629330E+01 -0.93223816E-04  0.98454560E+19 -0.25352069E-07  0.78516727E+14  0.74258093E-01  0.50205708E-10  0.41498439E+00
  250.0000     -0.00774969  0.33501186E+01 -0.96948156E-04  0.98516926E+19 -0.25336172E-07  0.83642342E+14  0.77540348E-01  0.50014400E-10  0.41494285E+00
  260.0000     -0.00774969  0.33369039E+01 -0.10064806E-03  0.98581406E+19 -0.25321060E-07  0.88976014E+14  0.80843156E-01  0.49817116E-10  0.41489950E+00
  270.0000     -0.00774969  0.33232868E+01 -0.10432160E-03  0.98647845E+19 -0.25306790E-07  0.94521464E+14  0.84167762E-01  0.49613824E-10  0.41485435E+00
  280.0000     -0.00774969  0.33092679E+01 -0.10796694E-03  0.98716099E+19 -0.25293411E-07  0.10028197E+15  0.87515578E-01  0.49404534E-10  0.41480740E+00
  290.0000     -0.00774969  0.32948508E+01 -0.11158241E-03  0.98786035E+19 -0.25280957E-07  0.10626042E+15  0.90888157E-01  0.49189299E-10  0.41475867E+00
  300.0000     -0.00774969  0.32800417E+01 -0.11516644E-03  0.98857529E+19 -0.25269452E-07  0.11245932E+15  0.94287172E-01  0.48968212E-10  0.41470816E+00
  310.0000     -0.00774969  0.32648492E+01 -0.11871760E-03  0.98930466E+19 -0.25258914E-07  0.11888084E+15  0.97714409E-01  0.48741400E-10  0.41465588E+00
  320.0000     -0.00774969  0.32492839E+01 -0.12223459E-03  0.99004741E+19 -0.25249348E-07  0.12552685E+15  0.10117175E+00  0.48509024E-10  0.41460183E+00
  330.0000     -0.00774969  0.32333586E+01 -0.12571620E-03  0.99080257E+19 -0.25240753E-07  0.13239899E+15  0.10466119E+00  0.48271273E-10  0.41454604E+00
  340.0000     -0.00774969  0.32170876E+01 -0.12916137E-03  0.99156929E+19 -0.25233123E-07  0.13949868E+15  0.10818480E+00  0.48028361E-10  0.41448850E+00
  350.0000     -0.00774969  0.32004868E+01 -0.13256907E-03  0.99234683E+19 -0.25226440E-07  0.14682715E+15  0.11174479E+00  0.47780525E-10  0.41442924E+00
  360.0000     -0.00774969  0.31835734E+01 -0.13593841E-03  0.99313455E+19 -0.25220681E-07  0.15438553E+15  0.11534347E+00  0.47528023E-10  0.41436826E+00
  370.0000     -0.00774969  0.31663658E+01 -0.13926854E-03  0.99393198E+19 -0.25215815E-07  0.16217487E+15  0.11898328E+00  0.47271128E-10  0.41430558E+00
  380.0000     -0.00774969  0.31488833E+01 -0.14255865E-03  0.99473876E+19 -0.25211803E-07  0.17019615E+15  0.12266680E+00  0.47010130E-10  0.41424121E+00
  390.0000     -0.00774969  0.31311463E+01 -0.14580800E-03  0.99555473E+19 -0.25208597E-07  0.17845039E+15  0.12639676E+00  0.46745331E-10  0.41417517E+00
  400.0000     -0.00774969  0.31131758E+01 -0.14901587E-03  0.99637989E+19 -0.25206140E-07  0.18693863E+15  0.13017604E+00  0.46477046E-10  0.41410747E+00
  410.0000     -0.00774969  0.30949934E+01 -0.15218154E-03  0.99721446E+19 -0.25204367E-07  0.19566200E+15  0.13400770E+00  0.46205599E-10  0.41403812E+00
  420.0000     -0.00774969  0.30766215E+01 -0.15530430E-03  0.99805887E+19 -0.25203200E-07  0.20462177E+15  0.13789498E+00  0.45931323E-10  0.41396715E+00
  430.0000     -0.00774969  0.30580830E+01 -0.15838342E-03  0.99891379E+19 -0.25202551E-07  0.21381936E+15  0.14184130E+00  0.45654559E-10  0.41389457E+00
  440.0000     -0.00774969  0.30394013E+01 -0.16141815E-03  0.99978016E+19 -0.25202320E-07  0.22325641E+15  0.14585025E+00  0.45375656E-10  0.41382040E+00
  450.0000     -0.00774969  0.30206001E+01 -0.16440770E-03  0.10006592E+20 -0.25202395E-07  0.23293476E+15  0.14992563E+00  0.45094971E-10  0.41374466E+00
  460.0000     -0.00774969  0.30017038E+01 -0.16735124E-03  0.10015525E+20 -0.25202649E-07  0.24285655E+15  0.15407143E+00  0.44812865E-10  0.41366736E+00
  470.0000     -0.00774969  0.29827369E+01 -0.17024786E-03  0.10024618E+20 -0.25202943E-07  0.25302423E+15  0.15829182E+00  0.44529706E-10  0.41358853E+00
  480.0000     -0.00774969  0.29637246E+01 -0.17309659E-03  0.10033894E+20 -0.25203120E-07  0.26344054E+15  0.16259114E+00  0.44245868E-10  0.41350819E+00
  490.0000     -0.00774969  0.29446922E+01 -0.17589639E-03  0.10043379E+20 -0.25203009E-07  0.27410862E+15  0.16697393E+00  0.43961731E-10  0.41342637E+00
  500.0000     -0.00774969  0.29256655E+01 -0.17864612E-03  0.10053101E+20 -0.25202423E-07  0.28503198E+15  0.17144488E+00  0.43677679E-10  0.41334308E+00
  510.0000     -0.00774969  0.29066708E+01 -0.18134456E-03  0.10063096E+20 -0.25201155E-07  0.29621451E+15  0.17600886E+00  0.43394105E-10  0.41325836E+00
  520.0000     -0.00774969  0.28877346E+01 -0.18399037E-03  0.10073401E+20 -0.25198984E-07  0.30766057E+15  0.18067087E+00  0.43111402E-10  0.41317223E+00
  530.0000     -0.00774969  0.28688836E+01 -0.18658211E-03  0.10084058E+20 -0.25195668E-07  0.31937495E+15  0.18543605E+00  0.42829974E-10  0.41308472E+00
  540.0000     -0.00774969  0.28501452E+01 -0.18911825E-03  0.10095115E+20 -0.25190950E-07  0.33136289E+15  0.19030965E+00  0.42550225E-10  0.41299587E+00
  550.0000     -0.00774969  0.28315469E+01 -0.19159713E-03  0.10106624E+20 -0.25184551E-07  0.34363014E+15  0.19529705E+00  0.42272569E-10  0.41290570E+00
  560.0000     -0.00774969  0.28131167E+01 -0.19401698E-03  0.10118640E+20 -0.25176176E-07  0.35618290E+15  0.20040370E+00  0.41997422E-10  0.41281425E+00
  570.0000     -0.00774969  0.27948828E+01 -0.19637591E-03  0.10131227E+20 -0.25165510E-07  0.36902792E+15  0.20563512E+00  0.41725205E-10  0.41272156E+00
  580.0000     -0.00774969  0.27768738E+01 -0.19867193E-03  0.10144450E+20 -0.25152221E-07  0.38217242E+15  0.21099691E+00  0.41456346E-10  0.41262766E+00
  590.0000     -0.00774969  0.27591185E+01 -0.20090294E-03  0.10158381E+20 -0.25135961E-07  0.39562416E+15  0.21649467E+00  0.41191274E-10  0.41253260E+00
  600.0000     -0.00774969  0.27416460E+01 -0.20306673E-03  0.10173098E+20 -0.25116363E-07  0.40939141E+15  0.22213404E+00  0.40930425E-10  0.41243642E+00
  610.0000     -0.00774969  0.27244857E+01 -0.20516100E-03  0.10188682E+20 -0.25093046E-07  0.42348298E+15  0.22792067E+00  0.40674237E-10  0.41233916E+00
  620.0000     -0.00774969  0.27076673E+01 -0.20718335E-03  0.10205221E+20 -0.25065614E-07  0.43790819E+15  0.23386015E+00  0.40423152E-10  0.41224087E+00
  630.0000     -0.00774969  0.26912203E+01 -0.20913130E-03  0.10222808E+20 -0.25033659E-07  0.45267687E+15  0.23995807E+00  0.40177613E-10  0.41214160E+00
  640.0000     -0.00774969  0.26751748E+01 -0.21100232E-03  0.10241538E+20 -0.24996762E-07  0.46779939E+15  0.24621993E+00  0.39938067E-10  0.41204141E+00
  650.0000     -0.00774969  0.26595606E+01 -0.21279380E-03  0.10261516E+20 -0.24954496E-07  0.48328660E+15  0.25265117E+00  0.39704960E-10  0.41194034E+00
  660.0000     -0.00774969  0.26444076E+01 -0.21450311E-03  0.10282847E+20 -0.24906428E-07  0.49914987E+15  0.25925713E+00  0.39478739E-10  0.41183846E+00
  670.0000     -0.00774969  0.26297457E+01 -0.21612758E-03  0.10305644E+20 -0.24852121E-07  0.51540105E+15  0.26604301E+00  0.39259850E-10  0.41173582E+00
  680.0000     -0.00774969  0.26156048E+01 -0.21766455E-03  0.10330022E+20 -0.24791138E-07  0.53205246E+15  0.27301390E+00  0.39048738E-10  0.41163249E+00
  690.0000     -0.00774969  0.26020142E+01 -0.21911136E-03  0.10356102E+20 -0.24723046E-07  0.54911685E+15  0.28017473E+00  0.38845843E-10  0.41152854E+00
  700.0000     -0.00774969  0.25890034E+01 -0.22046541E-03  0.10384007E+20 -0.24647418E-07  0.56660745E+15  0.28753025E+00  0.38651602E-10  0.41142401E+00
  710.0000     -0.00774969  0.25766012E+01 -0.22172414E-03  0.10413864E+20 -0.24563840E-07  0.58453785E+15  0.29508501E+00  0.38466447E-10  0.41131900E+00
  720.0000     -0.00774969  0.25648359E+01 -0.22288510E-03  0.10445806E+20 -0.24471909E-07  0.60292206E+15  0.30284339E+00  0.38290802E-10  0.41121356E+00
  730.0000     -0.00774969  0.25537354E+01 -0.22394592E-03  0.10479963E+20 -0.24371246E-07  0.62177443E+15  0.31080951E+00  0.38125082E-10  0.41110777E+00
  740.0000     -0.00774969  0.25433270E+01 -0.22490440E-03  0.10516474E+20 -0.24261491E-07  0.64110966E+15  0.31898728E+00  0.37969692E-10  0.41100170E+00
  750.0000     -0.00774969  0.25336369E+01 -0.22575848E-03  0.10555474E+20 -0.24142316E-07  0.66094272E+15  0.32738036E+00  0.37825028E-10  0.41089543E+00
  760.0000     -0.00774969  0.25246908E+01 -0.22650630E-03  0.10597103E+20 -0.24013423E-07  0.68128887E+15  0.33599214E+00  0.37691470E-10  0.41078903E+00
  770.0000     -0.00774969  0.25165131E+01 -0.22714622E-03  0.10641501E+20 -0.23874552E-07  0.70216357E+15  0.34482576E+00  0.37569384E-10  0.41068259E+00
  780.0000     -0.00774969  0.25091273E+01 -0.22767685E-03  0.10688808E+20 -0.23725483E-07  0.72358249E+15  0.35388407E+00  0.37459120E-10  0.41057619E+00
  790.0000     -0.00774969  0.25025557E+01 -0.22809705E-03  0.10739165E+20 -0.23566042E-07  0.74556144E+15  0.36316963E+00  0.37361011E-10  0.41046990E+00
  800.0000     -0.00774969  0.24968191E+01 -0.22840597E-03  0.10792710E+20 -0.23396104E-07  0.76811636E+15  0.37268474E+00  0.37275370E-10  0.41036380E+00
  810.0000     -0.00774969  0.24919373E+01 -0.22860308E-03  0.10849581E+20 -0.23215594E-07  0.79126325E+15  0.38243137E+00  0.37202488E-10  0.41025798E+00
  820.0000     -0.00774969  0.24879282E+01 -0.22868818E-03  0.10909916E+20 -0.23024491E-07  0.81501814E+15  0.39241122E+00  0.37142636E-10  0.41015251E+00
  830.0000     -0.00774969  0.24848084E+01 -0.22866140E-03  0.10973847E+20 -0.22822832E-07  0.83939704E+15  0.40262570E+00  0.37096061E-10  0.41004747E+00
  840.0000     -0.00774969  0.24825929E+01 -0.22852322E-03  0.11041506E+20 -0.22610712E-07  0.86441593E+15  0.41307592E+00  0.37062985E-10  0.40994295E+00
  850.0000     -0.00774969  0.24812948E+01 -0.22827450E-03  0.11113021E+20 -0.22388282E-07  0.89009069E+15  0.42376269E+00  0.37043605E-10  0.40983902E+00
  860.0000     -0.00774969  0.24809255E+01 -0.22791645E-03  0.11188515E+20 -0.22155753E-07  0.91643708E+15  0.43468657E+00  0.37038092E-10  0.40973576E+00
  870.0000     -0.00774969  0.24814948E+01 -0.22745064E-03  0.11268107E+20 -0.21913393E-07  0.94347068E+15  0.44584783E+00  0.37046591E-10  0.40963324E+00
  880.0000     -0.00774969  0.24830104E+01 -0.22687903E-03  0.11351912E+20 -0.21661528E-07  0.97120687E+15  0.45724647E+00  0.37069217E-10  0.40953153E+00
  890.0000     -0.00774969  0.24854783E+01 -0.22620391E-03  0.11440038E+20 -0.21400536E-07  0.99966081E+15  0.46888226E+00  0.37106061E-10  0.40943071E+00
  900.0000     -0.00774969  0.24889027E+01 -0.22542790E-03  0.11532589E+20 -0.21130846E-07  0.10288474E+16  0.48075469E+00  0.37157184E-10  0.40933084E+00
  910.0000     -0.00774969  0.24932857E+01 -0.22455398E-03  0.11629664E+20 -0.20852935E-07  0.10587812E+16  0.49286307E+00  0.37222619E-10  0.40923199E+00
  920.0000     -0.00774969  0.24986279E+01 -0.22358541E-03  0.11731352E+20 -0.20567323E-07  0.10894765E+16  0.50520648E+00  0.37302374E-10  0.40913422E+00
  930.0000     -0.00774969  0.25049280E+01 -0.22252573E-03  0.11837739E+20 -0.20274568E-07  0.11209472E+16  0.51778378E+00  0.37396428E-10  0.40903759E+00
  940.0000     -0.00774969  0.25121827E+01 -0.22137877E-03  0.11948903E+20 -0.19975260E-07  0.11532069E+16  0.53059369E+00  0.37504734E-10  0.40894215E+00
  950.0000     -0.00774969  0.25203872E+01 -0.22014856E-03  0.12064917E+20 -0.19670020E-07  0.11862688E+16  0.54363474E+00  0.37627222E-10  0.40884795E+00
  960.0000     -0.00774969  0.25295352E+01 -0.21883933E-03  0.12185844E+20 -0.19359489E-07  0.12201457E+16  0.55690532E+00  0.37763794E-10  0.40875504E+00
  970.0000     -0.00774969  0.25396187E+01 -0.21745550E-03  0.12311743E+20 -0.19044322E-07  0.12548499E+16  0.57040369E+00  0.37914331E-10  0.40866347E+00
  980.0000     -0.00774969  0.25506280E+01 -0.21600161E-03  0.12442666E+20 -0.18725188E-07  0.12903936E+16  0.58412801E+00  0.38078691E-10  0.40857327E+00
  990.0000     -0.00774969  0.25625524E+01 -0.21448231E-03  0.12578656E+20 -0.18402758E-07  0.13267882E+16  0.59807632E+00  0.38256712E-10  0.40848449E+00
 1000.0000     -0.00774969  0.25753797E+01 -0.21290233E-03  0.12719752E+20 -0.18077704E-07  0.13640449E+16  0.61224662E+00  0.38448212E-10  0.40839715E+00
 1010.0000     -0.00774969  0.25890964E+01 -0.21126643E-03  0.12865987E+20 -0.17750689E-07  0.14021745E+16  0.62663680E+00  0.38652991E-10  0.40831128E+00
 1020.0000     -0.00774969  0.26036882E+01 -0.20957937E-03  0.13017385E+20 -0.17422368E-07  0.14411873E+16  0.64124474E+00  0.38870833E-10  0.40822691E+00
 1030.0000     -0.00774969  0.26191394E+01 -0.20784593E-03  0.13173965E+20 -0.17093378E-07  0.14810934E+16  0.65606827E+00  0.39101506E-10  0.40814406E+00
 1040.0000     -0.00774969  0.26354337E+01 -0.20607080E-03  0.13335742E+20 -0.16764335E-07  0.15219021E+16  0.67110520E+00  0.39344767E-10  0.40806275E+00
 1050.0000     -0.00774969  0.26525541E+01 -0.20425864E-03  0.13502725E+20 -0.16435835E-07  0.15636228E+16  0.68635335E+00  0.39600359E-10  0.40798298E+00
 1060.0000     -0.00774969  0.26704825E+01 -0.20241397E-03  0.13674915E+20 -0.16108445E-07  0.16062643E+16  0.70181053E+00  0.39868016E-10  0.40790477E+00
 1070.0000     -0.00774969  0.26892007E+01 -0.20054123E-03  0.13852312E+20 -0.15782701E-07  0.16498348E+16  0.71747455E+00  0.40147462E-10  0.40782813E+00
 1080.0000     -0.00774969  0.27086897E+01 -0.19864471E-03  0.14034909E+20 -0.15459111E-07  0.16943427E+16  0.73334328E+00  0.40438416E-10  0.40775307E+00
 1090.0000     -0.00774969  0.27289301E+01 -0.19672855E-03  0.14222695E+20 -0.15138147E-07  0.17397956E+16  0.74941459E+00  0.40740588E-10  0.40767957E+00
 1100.0000     -0.00774969  0.27499025E+01 -0.19479675E-03  0.14415656E+20 -0.14820250E-07  0.17862009E+16  0.76568643E+00  0.41053688E-10  0.40760764E+00
 1110.0000     -0.00774969  0.27715869E+01 -0.19285309E-03  0.14613772E+20 -0.14505823E-07  0.18335658E+16  0.78215675E+00  0.41377418E-10  0.40753729E+00
 1120.0000     -0.00774969  0.27939635E+01 -0.19090121E-03  0.14817023E+20 -0.14195236E-07  0.18818972E+16  0.79882358E+00  0.41711481E-10  0.40746849E+00
 1130.0000     -0.00774969  0.28170122E+01 -0.18894455E-03  0.15025384E+20 -0.13888822E-07  0.19312016E+16  0.81568502E+00  0.42055578E-10  0.40740124E+00
 1140.0000     -0.00774969  0.28407129E+01 -0.18698634E-03  0.15238827E+20 -0.13586882E-07  0.19814854E+16  0.83273920E+00  0.42409410E-10  0.40733553E+00
 1150.0000     -0.00774969  0.28650459E+01 -0.18502962E-03  0.15457322E+20 -0.13289680E-07  0.20327545E+16  0.84998433E+00  0.42772679E-10  0.40727135E+00
 1160.0000     -0.00774969  0.28899911E+01 -0.18307725E-03  0.15680837E+20 -0.12997450E-07  0.20850149E+16  0.86741869E+00  0.43145091E-10  0.40720868E+00
 1170.0000     -0.00774969  0.29155291E+01 -0.18113189E-03  0.15909337E+20 -0.12710393E-07  0.21382721E+16  0.88504062E+00  0.43526351E-10  0.40714750E+00
 1180.0000     -0.00774969  0.29416404E+01 -0.17919599E-03  0.16142786E+20 -0.12428679E-07  0.21925315E+16  0.90284854E+00  0.43916171E-10  0.40708781E+00
 1190.0000     -0.00774969  0.29683059E+01 -0.17727182E-03  0.16381147E+20 -0.12152452E-07  0.22477984E+16  0.92084091E+00  0.44314263E-10  0.40702958E+00
 1200.0000     -0.00774969  0.29955067E+01 -0.17536147E-03  0.16624381E+20 -0.11881825E-07  0.23040778E+16  0.93901630E+00  0.44720349E-10  0.40697278E+00
 
